0.2108
0.4576
0.0597
0.1402
0.1855
0.0484
0.5169
0.0595
0.4669
0.3413
0.3264
0.1446
0.1943
0.3042
0.0488
0.4457
0.4505
0.3616
0.5273
0.2138
0.3614
0.1576
0.3910
0.3133
0.6355
0.4899
0.0918
0.5301
0.2117
0.3884
0.3727
0.0803
0.2232
0.6027
0.1575
0.2320
0.3853
0.2545
0.2981
0.2979
0.3618
0.0987
0.3559
0.2566
0.2694
0.3047
0.4342
0.2466
0.3625
0.3464
0.1084
0.5660
0.1218
0.3393
0.5424
0.2676
0.0225
0.0041
0.4286
0.4149
0.3425
0.5427
0.5799
0.0916
0.1613
0.2749
0.0896
0.0106
0.0479
0.3412
0.0971
0.0689
0.7151
0.1677
0.0104
0.2264
0.3960
0.0993
0.1642
0.1680
0.3813
0.0815
0.0320
0.2534
0.0903
0.0668
0.1109
0.5204
0.0099
0.0854
0.3044
0.5410
0.1101
0.0937
0.0958
0.6041
0.5001
0.2245
0.1609
0.4661
0.5468
0.5155
0.6137
0.3320
0.3740
0.4777
0.4378
0.3053
0.4080
0.0620
0.0221
0.3989
0.0283
0.4725
0.3924
0.5047
0.2263
0.2396
0.2579
0.1221
0.1105
0.3523
0.3383
0.2975
0.6534
0.4445
0.0899
0.1575
0.4203
0.2343
0.0661
0.4348
0.1561
0.0843
0.0077
0.1236
0.0651
0.4852
0.4881
0.1900
0.1899
0.3812
0.1256
0.1173
0.0920
0.1928
0.3466
0.0924
0.3273
0.5462
0.0253
0.1758
0.2465
0.3437
0.3974
0.1800
0.3855
0.5097
0.0952
0.5373
0.0423
0.3134
0.4348
0.4397
0.0211
0.0791
0.1486
0.6318
0.1601
0.2284
0.0212
0.4846
0.5430
0.1882
0.3216
0.0125
0.2510
0.0303
0.1990
0.2305
0.1476
0.6105
0.1317
0.2937
0.6236
0.1994
0.6616
0.0721
0.2471
0.2487
0.0674
0.0068
0.2703
0.0956
0.4780
0.0087
0.5589
0.2156
0.4078
0.2678
0.0140
0.2445
0.0746
0.0879
0.2194
0.4555
0.2800
0.1521
0.1268
0.1963
0.4093
0.3222
0.1969
0.3388
0.4755
0.2112
0.1402
0.3239
0.3563
0.4734
0.2003
0.5146
0.3401
0.4367
0.3833
0.5528
0.1721
0.1999
0.3418
0.0916
0.4059
0.1516
0.2934
0.2341
0.3232
0.1890
0.1895
0.5647
0.1577
0.0044
0.6759
0.1219
0.5346
0.0212
0.2915
0.2234
0.3097
0.5547
0.3267
0.3911
0.4403
0.3235
0.1038
0.3820
0.3268
0.3031
0.4434
0.1080
0.2386
0.5717
0.4361
0.1820
0.5466
0.4475
0.2478
0.6473
0.2331
0.0606
0.4920
0.2424
0.2588
0.0618
0.3382
0.1777
0.3287
0.0085
0.2295
0.0563
0.0671
0.2492
0.0088
0.1195
0.2347
0.4927
0.3526
0.2641
0.4366
0.1446
0.0508
0.0005
0.0692
0.5025
0.2137
0.2025
0.0678
0.6394
0.6564
0.5815
0.2260
0.3681
0.4019
0.5794
0.1526
0.2782
0.5279
0.1239
0.4366
0.4669
0.1839
0.4175
0.7156
0.4397
0.3612
0.2580
0.4609
0.1124
0.0613
0.1534
0.0036
0.4366
0.0550
0.6218
0.0033
0.3379
0.2919
0.4582
0.0581
0.1155
0.0598
0.0420
0.1500
0.2788
0.2240
0.4331
0.2616
0.2901
0.3295
0.0777
0.0566
0.1790
0.2125
0.3108
0.1024
0.2278
0.4938
0.2685
0.2976
0.0800
0.2042
0.6425
0.0570
0.2006
0.1723
0.0686
0.1445
0.2660
0.0417
0.4958
0.1119
0.1889
0.4918
0.0786
0.2342
0.1414
0.2929
0.3884
0.3484
0.0545
0.0301
0.4643
0.3137
0.4411
0.2009
0.2706
0.0483
0.5870
0.2886
0.2120
0.3265
0.7735
0.1364
0.1900
0.5990
0.5482
0.2135
0.0887
0.2463
0.1376
0.3501
0.2817
0.1467
0.1478
0.0793
0.2149
0.3518
0.2308
0.3500
0.3413
0.3492
0.0453
0.6703
0.3445
0.5937
0.0645
0.2435
0.5157
0.2814
0.1812
0.6401
0.3522
0.1322
0.0284
0.4091
0.3925
0.1197
0.4727
0.0577
0.3962
0.0172
0.1280
0.2114
0.1186
0.2105
0.0095
0.2445
0.0328
0.1976
0.4372
0.7226
0.4114
0.5724
0.5376
0.0692
0.6153
0.5215
0.3102
0.2289
0.2480
0.1104
0.5268
0.2916
0.0177
0.4562
0.3420
0.5089
0.0607
0.4249
0.2741
0.3424
0.0141
0.1161
0.2346
0.0001
0.1460
0.0272
0.5780
0.3030
0.1063
0.5249
0.0587
0.3670
0.1550
0.3500
0.2569
0.4508
0.3270
0.6616
0.0985
0.1006
0.5118
0.1690
0.5616
0.3681
0.3736
0.9122
0.0870
0.6743
0.4844
0.3869
0.2158
0.2918
0.2106
0.3227
0.4149
0.2368
0.5155
0.1492
0.3727
0.0344
0.4084
0.5735
1.0193
1.0438
0.1656
0.6105
0.1792
0.4266
0.3940
0.6337
0.1331
0.1683
0.3664
0.0682
0.3024
0.6293
0.3549
0.5089
0.2832
0.1777
0.2197
0.0724
0.0185
0.3805
0.0990
0.5368
0.1683
0.0326
0.0570
0.2629
0.2324
0.4467
0.3246
0.1663
0.3560
0.1091
0.1162
0.4798
0.3411
1.0149
0.5998
0.4298
0.0072
0.6158
0.1537
0.4053
0.2497
0.1973
0.6205
0.1608
0.1199
0.5157
0.1275
0.5258
0.2051
0.7177
0.6253
0.3864
0.1878
0.0550
0.5046
0.2914
0.3076
0.6768
0.5028
0.1660
0.1096
0.4070
0.1693
0.1185
0.1118
0.0410
0.3411
0.4331
0.3115
0.3951
0.5879
0.1701
0.1235
0.3084
0.0118
0.0914
0.3008
0.2257
0.0427
0.1693
0.3081
0.0535
0.0509
0.3150
0.2501
0.1662
0.3117
0.1111
0.1849
0.1400
0.4464
0.0573
0.0883
0.3274
0.5283
0.5771
0.0366
0.0984
0.1537
0.0009
0.3433
0.5019
0.0273
0.0591
0.2480
0.2023
0.0098
0.5238
0.2984
0.2927
0.4733
0.3545
0.4709
0.0402
0.2028
0.2908
0.0332
0.1940
0.0360
0.5516
0.0646
0.3989
0.2630
0.0629
0.1234
0.0336
0.0809
0.1601
0.3430
0.2456
0.1798
0.0046
0.0333
0.5534
0.4007
0.5064
0.0236
0.0043
0.3636
0.2956
0.0203
0.0535
0.3119
0.3423
0.1209
0.0839
0.3762
0.3088
0.1407
0.3026
0.1814
0.2847
0.1296
0.1479
0.3481
0.0492
0.2254
0.1331
0.1853
0.1358
0.0429
0.0643
0.2639
0.1730
0.3344
0.0600
0.4452
0.1195
0.4747
0.0799
0.1971
0.3558
0.1499
0.1217
0.2196
0.3964
0.3407
0.3136
0.3112
0.2685
0.0784
0.1066
0.2599
0.3311
0.0757
0.0825
0.0560
0.3801
0.1510
0.1723
0.1965
0.4126
0.0383
0.3073
0.0168
0.5285
0.1377
0.2002
0.0583
0.2813
0.2168
0.2544
0.3966
0.2175
0.3718
0.1457
0.4355
0.0355
0.4098
0.2573
0.0213
0.2757
0.0179
0.3245
0.3323
0.2255
0.3760
0.3480
0.1503
0.0139
0.3951
0.2218
0.2712
0.1244
0.3893
0.0545
0.4351
0.3444
0.0128
0.7216
0.2021
0.2269
0.3104
0.2344
0.5322
0.2730
0.1534
0.0283
0.2650
0.5252
0.0887
0.3286
0.4816
0.0802
0.2487
0.3271
0.1144
0.0005
0.1886
0.0659
0.4599
0.6672
0.3730
0.2054
0.2760
0.1204
0.5741
0.2508
0.4444
0.1296
0.2641
0.0396
0.2794
0.1519
0.0342
0.3369
0.1438
0.4156
0.5351
0.1082
0.4559
0.4876
0.0606
0.3400
0.5138
0.0446
0.1790
0.2907
0.0613
0.3955
0.2406
0.4942
0.3760
0.1400
0.1884
0.2691
0.2987
0.0652
0.1040
0.1911
0.1328
0.3931
0.4297
0.3636
0.1543
0.4935
0.2736
0.5668
0.2035
0.2845
0.1339
0.3523
0.2066
0.2841
0.3973
0.4724
0.3787
0.2214
0.4394
0.4531
0.6607
0.4345
0.0107
0.0495
0.2913
0.5584
0.0800
0.1012
0.4462
0.3345
0.7156
0.3637
0.4084
0.3881
0.1846
0.1230
0.5183
0.3557
0.3314
0.1296
0.0796
0.3104
0.3734
0.1894
0.3301
0.1938
0.5546
0.3602
0.1755
0.0723
0.1533
0.0109
0.4059
0.5928
0.0475
0.1725
0.1574
0.4301
0.0928
0.4295
0.0973
0.4560
0.3811
0.4693
0.5138
0.3246
0.2673
0.5614
0.5490
0.0318
0.4983
0.4598
0.1821
0.5510
0.5078
0.1818
0.3132
0.3455
0.5141
0.1958
0.2292
0.5080
0.1059
0.3762
0.0658
0.5201
0.1443
0.1249
0.5541
0.2731
0.1800
0.4315
0.3735
0.2447
0.2932
0.6403
0.4036
0.2663
0.0259
0.3183
0.6047
0.4052
0.3852
0.0308
0.2735
0.0211
0.4264
0.7389
0.2745
0.3736
0.4204
0.0172
0.0923
0.4869
0.0540
